117 133
165 318
152 145
380 1408
110 105
367 1941
403 1751
383 1724
148 262
539 2493
289 752
154 272
251 416
221 835
434 2399
270 767
237 850
205 528
194 370
221 541
443 2553
321 1564
279 536
446 2083
262 853
162 241
141 115
366 1279
176 188
208 447
136 112
419 2363
246 839
258 922
189 441
113 46
661 3623
30 6
155 215
999 6637
457 2633
225 345
269 894
189 639
716 4139
273 933
170 465
392 2054
156 366
350 1217
258 663
407 1742
140 231
228 586
437 1899
215 492
343 1129
258 832
137 112
367 1934
232 904
220 560
428 1885
244 487
304 792
196 667
279 1121
564 3272
221 776
896 5733
462 2513
394 1482
447 1914
151 84
365 1921
348 1542
155 328
293 948
484 2752
395 1964
130 74
