196 348
161 270
291 664
305 1058
305 1187
167 221
139 94
234 662
166 91
136 127
306 497
122 72
226 277
116 38
113 53
134 114
429 1895
338 630
177 125
265 328
138 87
163 209
20 2
137 117
222 509
167 342
167 90
333 758
167 225
188 349
39 7
107 30
179 198
167 284
168 286
317 996
245 421
192 270
308 849
123 46
172 208
121 24
260 1073
206 468
240 304
209 601
145 188
262 299
196 529
126 106
149 222
83 47
89 29
190 264
255 889
119 61
121 76
142 147
84 21
117 96
138 77
206 262
168 271
113 99
132 146
229 574
208 164
191 308
46 9
261 246
68 11
142 155
179 188
83 18
91 20
104 32
180 403
138 84
178 269
140 120
268 674
76 29
