208 26
410 86
552 186
596 160
331 61
87 10
458 119
127 12
336 48
244 42
433 103
171 17
135 16
326 58
112 11
142 14
167 26
337 68
118 9
55 3
546 144
441 107
466 117
306 117
269 61
223 22
724 215
476 109
483 156
266 35
167 20
526 123
95 7
531 144
737 439
400 105
400 90
210 40
406 85
357 135
390 82
215 28
356 75
442 63
619 208
431 112
298 52
244 37
330 66
403 96
331 45
152 16
276 46
291 72
474 111
601 171
344 71
159 13
260 35
578 214
565 151
328 52
289 34
378 65
338 63
564 192
446 105
294 51
131 16
257 38
401 67
128 9
570 189
43 2
725 232
178 36
321 67
464 109
339 92
646 198
186 20
171 17
