286 109
146 33
195 69
343 212
550 274
153 34
261 105
130 25
539 376
101 21
190 78
383 191
191 54
205 88
523 260
193 54
64 10
550 1176
298 249
142 37
246 141
729 991
40 6
273 176
193 115
283 133
168 84
94 21
79 14
114 38
160 39
131 20
276 117
347 296
282 108
406 167
384 267
78 15
534 429
173 48
355 137
190 71
460 225
320 156
553 469
302 82
548 529
198 53
313 164
167 34
347 117
538 254
368 187
331 405
530 392
192 88
285 127
398 149
349 117
123 26
223 154
200 74
184 55
185 59
510 218
557 336
549 395
421 216
187 64
580 517
41 6
172 50
224 143
278 172
318 203
90 18
355 384
357 403
339 225
242 78
114 25
67 15
315 324
