131 119
198 497
171 293
246 695
231 479
169 366
238 430
411 1330
172 432
183 463
291 1237
164 291
77 24
179 413
234 434
167 259
176 165
234 725
185 385
97 57
141 154
212 437
345 1187
221 442
170 384
193 426
177 322
269 965
129 129
207 703
178 304
89 29
42 8
251 761
126 123
165 226
311 1345
142 192
168 239
187 392
218 622
256 933
110 78
96 41
117 107
405 2121
315 867
146 70
163 363
342 1390
129 127
285 1115
190 367
261 901
269 1000
155 186
252 787
144 170
96 43
126 59
175 461
57 13
193 324
257 854
205 577
274 958
265 632
174 383
193 325
123 104
309 1311
145 284
257 995
222 745
58 14
461 2605
304 1364
367 1884
120 105
222 511
255 878
